1.0,22.08,11.46,2.0,4.0,4.0,1.585,0.0,0.0,0.0,1.0,2.0,100.0,1213.0,0
0.0,22.67,7.0,2.0,8.0,4.0,0.165,0.0,0.0,0.0,0.0,2.0,160.0,1.0,0
0.0,29.58,1.75,1.0,4.0,4.0,1.25,0.0,0.0,0.0,1.0,2.0,280.0,1.0,0
0.0,21.67,11.5,1.0,5.0,3.0,0.0,1.0,1.0,11.0,1.0,2.0,0.0,1.0,1
1.0,20.17,8.17,2.0,6.0,4.0,1.96,1.0,1.0,14.0,0.0,2.0,60.0,159.0,1
0.0,15.83,0.585,2.0,8.0,8.0,1.5,1.0,1.0,2.0,0.0,2.0,100.0,1.0,1
1.0,17.42,6.5,2.0,3.0,4.0,0.125,0.0,0.0,0.0,0.0,2.0,60.0,101.0,0
0.0,58.67,4.46,2.0,11.0,8.0,3.04,1.0,1.0,6.0,0.0,2.0,43.0,561.0,1
1.0,27.83,1.0,1.0,2.0,8.0,3.0,0.0,0.0,0.0,0.0,2.0,176.0,538.0,0
0.0,55.75,7.08,2.0,4.0,8.0,6.75,1.0,1.0,3.0,1.0,2.0,100.0,51.0,0
1.0,33.5,1.75,2.0,14.0,8.0,4.5,1.0,1.0,4.0,1.0,2.0,253.0,858.0,0
1.0,41.42,5.0,2.0,11.0,8.0,5.0,1.0,1.0,6.0,1.0,2.0,470.0,1.0,1
1.0,20.67,1.25,1.0,8.0,8.0,1.375,1.0,1.0,3.0,1.0,2.0,140.0,211.0,0
1.0,34.92,5.0,2.0,14.0,8.0,7.5,1.0,1.0,6.0,1.0,2.0,0.0,1001.0,1
1.0,58.58,2.71,2.0,8.0,4.0,2.415,0.0,0.0,0.0,1.0,2.0,320.0,1.0,0
1.0,48.08,6.04,2.0,4.0,4.0,0.04,0.0,0.0,0.0,0.0,2.0,0.0,2691.0,1
1.0,29.58,4.5,2.0,9.0,4.0,7.5,1.0,1.0,2.0,1.0,2.0,330.0,1.0,1
0.0,18.92,9.0,2.0,6.0,4.0,0.75,1.0,1.0,2.0,0.0,2.0,88.0,592.0,1
1.0,20.0,1.25,1.0,4.0,4.0,0.125,0.0,0.0,0.0,0.0,2.0,140.0,5.0,0
0.0,22.42,5.665,2.0,11.0,4.0,2.585,1.0,1.0,7.0,0.0,2.0,129.0,3258.0,1
0.0,28.17,0.585,2.0,6.0,4.0,0.04,0.0,0.0,0.0,0.0,2.0,260.0,1005.0,0
0.0,19.17,0.585,1.0,6.0,4.0,0.585,1.0,0.0,0.0,1.0,2.0,160.0,1.0,0
1.0,41.17,1.335,2.0,2.0,4.0,0.165,0.0,0.0,0.0,0.0,2.0,168.0,1.0,0
1.0,41.58,1.75,2.0,4.0,4.0,0.21,1.0,0.0,0.0,0.0,2.0,160.0,1.0,0
0.9458660976077358,19.350572488023538,9.360659812974463,1.0839138651200724,5.101703018802938,3.5914068537152137,-0.4231338625668726,1.9454113832841173,0.060565291668427786,-1.7341594999552845,-0.05729122369003209,1.5731608328019555,79.54249298667594,350.67239147647985,0
1.0,32.75,1.5,2.0,13.0,8.0,5.5,1.0,1.0,3.0,1.0,2.0,0.0,1.0,1
1.0,22.5,0.125,1.0,4.0,4.0,0.125,0.0,0.0,0.0,0.0,2.0,200.0,71.0,0
1.0,33.17,3.04,1.0,8.0,8.0,2.04,1.0,1.0,1.0,1.0,2.0,180.0,18028.0,1
0.0,30.67,12.0,2.0,8.0,4.0,2.0,1.0,1.0,1.0,0.0,2.0,220.0,20.0,1
1.0,23.08,2.5,2.0,8.0,4.0,1.085,1.0,1.0,11.0,1.0,2.0,60.0,2185.0,1
1.0,27.0,0.75,2.0,8.0,8.0,4.25,1.0,1.0,3.0,1.0,2.0,312.0,151.0,1
0.0,20.42,10.5,1.0,14.0,8.0,0.0,0.0,0.0,0.0,1.0,2.0,154.0,33.0,0
1.0,52.33,1.375,1.0,8.0,8.0,9.46,1.0,0.0,0.0,1.0,2.0,200.0,101.0,0
1.0,23.08,11.5,2.0,9.0,8.0,2.125,1.0,1.0,11.0,1.0,2.0,290.0,285.0,1
-0.23768848245604124,43.285038894464805,1.9277108237147305,2.5500214807200385,7.199571352509862,4.113918120456378,12.986651722210057,0.8405576059936687,0.0017672315861309018,0.2903224810173233,1.16494177966852,1.7287740557786992,351.0304242491054,113.61910453007665,0
1.0,74.83,19.0,1.0,1.0,1.0,0.04,0.0,1.0,2.0,0.0,2.0,0.0,352.0,0
1.0,25.0,12.5,2.0,6.0,4.0,3.0,1.0,0.0,0.0,1.0,1.0,20.0,1.0,1
1.0,39.58,13.915,2.0,9.0,4.0,8.625,1.0,1.0,6.0,1.0,2.0,70.0,1.0,1
0.0,14.340087081984048,6.80175703989111,0.18925934291783575,-2.381704158233166,15.196927160255536,-8.113230578319321,0.5391439668573242,0.6033784986345543,13.06620538294426,-0.6346530040315386,2.6441805608191102,0.0,333.3594137954686,1
0.0,47.42,3.0,2.0,14.0,4.0,13.875,1.0,1.0,2.0,1.0,2.0,519.0,1705.0,0
1.0,23.17,0.0,2.0,13.0,4.0,0.085,1.0,0.0,0.0,0.0,2.0,0.0,1.0,1
1.0,22.58,1.5,1.0,6.0,4.0,0.54,0.0,0.0,0.0,1.0,2.0,120.0,68.0,0
1.0,26.75,1.125,2.0,14.0,8.0,1.25,1.0,0.0,0.0,0.0,2.0,0.0,5299.0,1
1.0,63.33,0.54,2.0,8.0,4.0,0.585,1.0,1.0,3.0,1.0,2.0,180.0,1.0,0
1.0,23.75,0.415,1.0,8.0,4.0,0.04,0.0,1.0,2.0,0.0,2.0,128.0,7.0,0
0.0,20.75,10.25,2.0,11.0,4.0,0.71,1.0,1.0,2.0,1.0,2.0,49.0,1.0,0
0.0,24.5,1.75,1.0,8.0,4.0,0.165,0.0,0.0,0.0,0.0,2.0,132.0,1.0,0
1.0,16.17,0.04,2.0,8.0,4.0,0.04,0.0,0.0,0.0,0.0,2.0,0.0,1.0,0
0.0,29.5,2.0,1.0,10.0,8.0,2.0,0.0,0.0,0.0,0.0,2.0,256.0,18.0,0
0.0,52.83,15.0,2.0,8.0,4.0,5.5,1.0,1.0,14.0,0.0,2.0,0.0,2201.0,1
1.0,32.33,3.5,2.0,4.0,4.0,0.5,0.0,0.0,0.0,1.0,2.0,232.0,1.0,0
1.0,21.08,4.125,1.0,3.0,8.0,0.04,0.0,0.0,0.0,0.0,2.0,140.0,101.0,0
1.0,28.17,0.125,1.0,4.0,4.0,0.085,0.0,0.0,0.0,0.0,2.0,216.0,2101.0,0
1.0,19.0,1.75,1.0,8.0,4.0,2.335,0.0,0.0,0.0,1.0,2.0,112.0,7.0,0
1.0,27.58,3.25,1.0,11.0,8.0,5.085,0.0,1.0,2.0,1.0,2.0,369.0,2.0,0
1.0,27.83,1.5,2.0,9.0,4.0,2.0,1.0,1.0,11.0,1.0,2.0,434.0,36.0,1
1.0,40.0,6.5,2.0,6.0,5.0,3.5,1.0,1.0,1.0,0.0,2.0,0.0,501.0,1
0.0,37.33,2.5,2.0,3.0,8.0,0.21,0.0,0.0,0.0,0.0,2.0,260.0,247.0,0
1.0,42.5,4.915,1.0,9.0,4.0,3.165,1.0,0.0,0.0,1.0,2.0,52.0,1443.0,1
1.0,56.75,12.25,2.0,7.0,4.0,1.25,1.0,1.0,4.0,1.0,2.0,200.0,1.0,1
1.0,43.17,5.0,2.0,3.0,5.0,2.25,0.0,0.0,0.0,1.0,2.0,141.0,1.0,0
0.0,23.75,0.71,2.0,9.0,4.0,0.25,0.0,1.0,1.0,1.0,2.0,240.0,5.0,0
1.0,18.5,2.0,2.0,3.0,4.0,1.5,1.0,1.0,2.0,0.0,2.0,120.0,301.0,1
0.0,40.83,3.5,2.0,3.0,5.0,0.5,0.0,0.0,0.0,0.0,1.0,1160.0,1.0,0
0.0,24.5,0.5,2.0,11.0,8.0,1.5,1.0,0.0,0.0,0.0,2.0,280.0,825.0,1
1.0,42.0,9.79,2.0,14.0,8.0,7.96,1.0,1.0,8.0,0.0,2.0,0.0,1.0,0
0.0,19.5,0.165,2.0,11.0,4.0,0.04,0.0,0.0,0.0,1.0,2.0,380.0,1.0,0
1.0,21.5,11.5,2.0,3.0,4.0,0.5,1.0,0.0,0.0,1.0,2.0,100.0,69.0,0
1.0,31.25,2.835,2.0,1.0,1.0,0.0,0.0,1.0,5.0,0.0,2.0,176.0,147.0,1
1.0,27.25,1.585,2.0,13.0,8.0,1.835,1.0,1.0,12.0,1.0,2.0,583.0,714.0,1
1.0,48.75,26.335,1.0,1.0,1.0,0.0,1.0,0.0,0.0,1.0,2.0,0.0,1.0,0
0.0,30.42,1.375,2.0,9.0,8.0,0.04,0.0,1.0,3.0,0.0,2.0,0.0,34.0,0
1.0,29.42,1.25,2.0,9.0,4.0,1.75,0.0,0.0,0.0,0.0,2.0,200.0,1.0,0
1.0,28.25,5.04,1.0,8.0,5.0,1.5,1.0,1.0,8.0,1.0,2.0,144.0,8.0,1
1.0,40.25,21.5,2.0,10.0,9.0,20.0,1.0,1.0,11.0,0.0,2.0,0.0,1201.0,1
1.0,36.5,4.25,2.0,11.0,4.0,3.5,0.0,0.0,0.0,0.0,2.0,454.0,51.0,0
1.0,25.58,0.335,2.0,4.0,8.0,3.5,0.0,0.0,0.0,1.0,2.0,340.0,1.0,0
1.0,29.83,3.5,2.0,8.0,4.0,0.165,0.0,0.0,0.0,0.0,2.0,216.0,1.0,0
1.0,23.08,0.0,2.0,4.0,4.0,1.0,0.0,1.0,11.0,0.0,1.0,0.0,1.0,0
0.0,32.17,1.46,2.0,9.0,4.0,1.085,1.0,1.0,16.0,0.0,2.0,120.0,2080.0,1
1.0,25.17,3.5,2.0,13.0,4.0,0.625,1.0,1.0,7.0,0.0,2.0,0.0,7060.0,0
0.0,35.17,3.75,2.0,1.0,1.0,0.0,0.0,1.0,6.0,0.0,2.0,0.0,201.0,0
0.0,18.58,10.0,2.0,2.0,4.0,0.415,0.0,0.0,0.0,0.0,2.0,80.0,43.0,0
1.0,39.92,5.0,2.0,3.0,5.0,0.21,0.0,0.0,0.0,0.0,2.0,550.0,1.0,0
1.0,23.42,1.0,2.0,8.0,4.0,0.5,0.0,0.0,0.0,1.0,1.0,280.0,1.0,0
1.0,37.58,0.0,2.0,8.0,4.0,0.0,0.0,0.0,0.0,0.0,3.0,184.0,1.0,1
0.0,24.75,13.665,2.0,11.0,8.0,1.5,0.0,0.0,0.0,0.0,2.0,280.0,2.0,0
0.0,47.0,13.0,2.0,3.0,5.0,5.165,1.0,1.0,9.0,1.0,2.0,0.0,1.0,0
1.0,34.17,5.25,2.0,9.0,4.0,0.085,0.0,0.0,0.0,1.0,2.0,290.0,7.0,1
1.0,22.17,0.585,1.0,1.0,1.0,0.0,0.0,0.0,0.0,0.0,2.0,100.0,1.0,0
2.0387334144807525,63.774672415372216,-0.27239560962962556,-0.6335847359741265,1.447806296897899,0.7953959674881741,-0.14713409684705114,-0.0,0.0,0.0,2.649239958358759,1.4968659966619553,35.694780896513635,3.106424236026603,0
1.0,42.75,4.085,2.0,6.0,4.0,0.04,0.0,0.0,0.0,0.0,2.0,108.0,101.0,0
1.0,28.67,14.5,2.0,2.0,4.0,0.125,0.0,0.0,0.0,0.0,2.0,0.0,287.0,0
1.0,36.25,5.0,2.0,8.0,5.0,2.5,1.0,1.0,6.0,0.0,2.0,0.0,368.0,1
0.0,18.17,10.0,1.0,11.0,8.0,0.165,0.0,0.0,0.0,0.0,2.0,340.0,1.0,0
1.0,21.25,1.5,2.0,9.0,4.0,1.5,0.0,0.0,0.0,0.0,2.0,150.0,9.0,1
0.0,38.92,1.665,2.0,6.0,4.0,0.25,0.0,0.0,0.0,0.0,2.0,0.0,391.0,0
1.0,31.83,0.04,1.0,7.0,4.0,0.04,0.0,0.0,0.0,0.0,2.0,0.0,1.0,0
0.0,17.33,9.5,2.0,6.0,4.0,1.75,0.0,1.0,10.0,1.0,2.0,0.0,11.0,0
0.0,20.42,0.835,2.0,11.0,4.0,1.585,1.0,1.0,1.0,0.0,2.0,0.0,1.0,1
0.0,39.08,4.0,2.0,8.0,4.0,3.0,0.0,0.0,0.0,0.0,2.0,480.0,1.0,0
1.0,38.67,0.21,2.0,4.0,4.0,0.085,1.0,0.0,0.0,1.0,2.0,280.0,1.0,1
1.0,27.67,13.75,2.0,9.0,4.0,5.75,1.0,0.0,0.0,1.0,2.0,487.0,501.0,1
1.0,27.75,0.585,1.0,13.0,4.0,0.25,1.0,1.0,2.0,0.0,2.0,260.0,501.0,1
-0.785160044016946,30.61139157459469,0.0,0.4144155746065439,0.28575070680203063,-0.05442976958060464,0.0,0.0,2.033872974226723,-2.527349856837274,0.0,3.3122688300770653,44.37952413906529,1.562469161380145,0
0.0,25.0,0.875,2.0,14.0,8.0,1.04,1.0,0.0,0.0,1.0,2.0,160.0,5861.0,1
1.0,27.67,2.0,2.0,14.0,8.0,1.0,1.0,1.0,4.0,0.0,2.0,140.0,7545.0,0
1.0,22.25,9.0,2.0,6.0,4.0,0.085,0.0,0.0,0.0,0.0,2.0,0.0,1.0,0
0.0,49.83,13.585,2.0,4.0,8.0,8.5,1.0,0.0,0.0,1.0,2.0,0.0,1.0,1
1.0,32.33,2.5,2.0,8.0,4.0,1.25,0.0,0.0,0.0,1.0,2.0,280.0,1.0,0
1.0,38.25,10.125,1.0,4.0,4.0,0.125,0.0,0.0,0.0,0.0,2.0,160.0,1.0,0
1.0,47.33,6.5,2.0,8.0,4.0,1.0,0.0,0.0,0.0,1.0,2.0,0.0,229.0,0
1.0,27.83,4.0,1.0,3.0,8.0,5.75,1.0,1.0,2.0,1.0,2.0,75.0,1.0,0
0.0,35.75,0.915,2.0,6.0,4.0,0.75,1.0,1.0,4.0,0.0,2.0,0.0,1584.0,1
1.0,33.58,0.25,2.0,3.0,5.0,4.0,0.0,0.0,0.0,1.0,1.0,420.0,1.0,0
1.0,34.08,0.08,1.0,7.0,5.0,0.04,1.0,1.0,1.0,1.0,2.0,280.0,2001.0,1
0.0,20.75,10.335,2.0,13.0,8.0,0.335,1.0,1.0,1.0,1.0,2.0,80.0,51.0,1
1.0,33.17,1.0,2.0,14.0,4.0,0.75,1.0,1.0,7.0,1.0,2.0,340.0,4072.0,1
1.0,22.75,11.0,2.0,11.0,4.0,2.5,1.0,1.0,7.0,1.0,2.0,100.0,810.0,1
1.0,48.75,8.5,2.0,8.0,8.0,12.5,1.0,1.0,9.0,0.0,2.0,181.0,1656.0,1
1.0,40.58,5.0,2.0,8.0,4.0,5.0,1.0,1.0,7.0,0.0,2.0,0.0,3066.0,1
1.0,20.67,0.835,1.0,8.0,4.0,2.0,0.0,0.0,0.0,1.0,1.0,240.0,1.0,0
0.0,38.75,1.5,2.0,1.0,1.0,0.0,0.0,0.0,0.0,0.0,2.0,76.0,1.0,0
0.0,57.08,19.5,2.0,8.0,4.0,5.5,1.0,1.0,7.0,0.0,2.0,0.0,3001.0,1
0.0,31.25,3.75,2.0,13.0,8.0,0.625,1.0,1.0,9.0,1.0,2.0,181.0,1.0,1
1.0,22.0,0.79,2.0,9.0,4.0,0.29,0.0,1.0,1.0,0.0,2.0,420.0,284.0,0
0.0,58.33,10.0,2.0,11.0,4.0,4.0,1.0,1.0,14.0,0.0,2.0,0.0,1603.0,1
1.0,28.92,0.375,2.0,8.0,4.0,0.29,0.0,0.0,0.0,0.0,2.0,220.0,141.0,0
0.0,46.0,4.0,2.0,5.0,3.0,0.0,1.0,0.0,0.0,0.0,2.0,100.0,961.0,1
1.0,21.0,3.0,1.0,2.0,4.0,1.085,1.0,1.0,8.0,1.0,2.0,160.0,2.0,1
0.0,24.75,12.5,2.0,6.0,4.0,1.5,1.0,1.0,12.0,1.0,2.0,120.0,568.0,1
0.0,41.78357019355614,0.5675868504028627,-0.13169309174615318,3.8332380880436623,2.0259580493341254,2.705151522694176,0.0,0.0,0.0,0.0,4.710851049442333,206.02743586283339,0.9621709223266601,1
1.0,24.58,13.5,1.0,1.0,1.0,0.0,0.0,0.0,0.0,0.0,2.0,184.0,1.0,0
0.0,26.5,2.71,1.0,8.0,4.0,0.085,0.0,0.0,0.0,0.0,1.0,80.0,1.0,0
1.0,40.92,0.835,2.0,1.0,1.0,0.0,1.0,0.0,0.0,0.0,2.0,130.0,2.0,0
0.0,38.33,4.415,2.0,8.0,4.0,0.125,0.0,0.0,0.0,0.0,2.0,160.0,1.0,0
1.0,19.58,0.585,2.0,1.0,1.0,0.0,0.0,1.0,3.0,0.0,2.0,350.0,770.0,0
1.0,39.25,9.5,2.0,7.0,4.0,6.5,1.0,1.0,14.0,0.0,2.0,240.0,4608.0,1
1.0,25.75,0.5,2.0,8.0,4.0,1.46,1.0,1.0,5.0,1.0,2.0,312.0,1.0,1
0.0,46.08,3.0,2.0,8.0,4.0,2.375,1.0,1.0,8.0,1.0,2.0,396.0,4160.0,1
1.0,19.67,10.0,1.0,4.0,8.0,0.835,1.0,0.0,0.0,1.0,2.0,140.0,1.0,0
0.0,22.25,1.25,1.0,1.0,1.0,3.25,0.0,0.0,0.0,0.0,2.0,280.0,1.0,0
1.0,18.83,3.54,1.0,1.0,1.0,0.0,0.0,0.0,0.0,1.0,2.0,180.0,2.0,0
1.0,64.08,20.0,2.0,14.0,8.0,17.5,1.0,1.0,9.0,1.0,2.0,0.0,1001.0,0
0.0,16.5,1.25,2.0,11.0,4.0,0.25,0.0,1.0,1.0,0.0,2.0,108.0,99.0,1
0.0,68.67,15.0,2.0,10.0,9.0,0.0,1.0,1.0,14.0,0.0,2.0,0.0,3377.0,1
1.0,76.75,22.29,2.0,10.0,9.0,12.75,1.0,1.0,1.0,1.0,2.0,0.0,110.0,1
0.0,15.92,2.875,2.0,11.0,4.0,0.085,0.0,0.0,0.0,0.0,2.0,120.0,1.0,0
1.0,34.83,4.0,2.0,2.0,5.0,12.5,1.0,0.0,0.0,1.0,2.0,184.0,1.0,0
0.0,47.42,8.0,2.0,10.0,5.0,6.5,1.0,1.0,6.0,0.0,2.0,375.0,51101.0,0
1.0,23.17,0.0,2.0,8.0,4.0,0.0,0.0,0.0,0.0,0.0,3.0,184.0,1.0,1
1.0,45.17,1.5,2.0,8.0,4.0,2.5,1.0,0.0,0.0,1.0,2.0,140.0,1.0,0
1.0,15.17,7.0,2.0,10.0,4.0,1.0,0.0,0.0,0.0,0.0,2.0,600.0,1.0,0
1.0,18.83,0.415,1.0,8.0,4.0,0.165,0.0,1.0,1.0,0.0,2.0,200.0,2.0,0
1.0,52.5,6.5,2.0,4.0,4.0,6.29,1.0,1.0,15.0,0.0,2.0,0.0,11203.0,1
1.0,19.17,0.0,1.0,7.0,5.0,0.0,0.0,0.0,0.0,1.0,1.0,500.0,2.0,1
1.0,18.0,0.165,2.0,11.0,7.0,0.21,0.0,0.0,0.0,0.0,2.0,200.0,41.0,1
1.0,37.5,0.835,2.0,10.0,4.0,0.04,0.0,0.0,0.0,0.0,2.0,120.0,6.0,0
1.0,22.67,1.585,1.0,9.0,4.0,3.085,1.0,1.0,6.0,0.0,2.0,80.0,1.0,1
1.0,47.83,4.165,2.0,14.0,5.0,0.085,0.0,0.0,0.0,1.0,2.0,520.0,1.0,0
1.0,34.08,2.5,2.0,8.0,4.0,1.0,0.0,0.0,0.0,0.0,2.0,460.0,17.0,0
0.0,33.08,1.625,2.0,2.0,4.0,0.54,0.0,0.0,0.0,1.0,2.0,0.0,1.0,0
1.0,43.08,0.375,1.0,8.0,4.0,0.375,1.0,1.0,8.0,1.0,2.0,300.0,163.0,1
1.0,34.5,4.04,1.0,3.0,5.0,8.5,1.0,1.0,7.0,1.0,2.0,195.0,1.0,1
1.0,42.75,3.0,2.0,3.0,5.0,1.0,1.0,0.0,0.0,0.0,2.0,0.0,201.0,0
1.0,18.25,0.165,2.0,2.0,4.0,0.25,0.0,0.0,0.0,1.0,1.0,280.0,1.0,0
1.0,23.08,2.5,2.0,1.0,1.0,0.085,0.0,0.0,0.0,1.0,2.0,100.0,4209.0,0
0.0,22.5,8.46,1.0,14.0,4.0,2.46,0.0,0.0,0.0,0.0,2.0,164.0,1.0,1
1.0,17.92,0.205,2.0,6.0,4.0,0.04,0.0,0.0,0.0,0.0,2.0,280.0,751.0,1
1.0,18.42,10.415,1.0,6.0,4.0,0.125,1.0,0.0,0.0,0.0,2.0,120.0,376.0,0
0.0,27.67,1.5,2.0,7.0,4.0,2.0,1.0,0.0,0.0,0.0,1.0,368.0,1.0,1
0.0,18.92,9.25,1.0,8.0,4.0,1.0,1.0,1.0,4.0,1.0,2.0,80.0,501.0,1
1.0,22.67,0.75,2.0,3.0,4.0,1.585,0.0,1.0,1.0,1.0,2.0,400.0,10.0,0
1.0,62.5,12.75,1.0,8.0,8.0,5.0,1.0,0.0,0.0,0.0,2.0,112.0,1.0,0
0.0,23.5,9.0,2.0,11.0,4.0,8.5,1.0,1.0,5.0,1.0,2.0,120.0,1.0,1
1.0,35.25,3.165,2.0,14.0,8.0,3.75,1.0,0.0,0.0,1.0,2.0,680.0,1.0,0
0.0,56.83,4.25,1.0,1.0,1.0,5.0,0.0,0.0,0.0,1.0,2.0,0.0,5.0,0
0.0,53.33,0.165,2.0,1.0,1.0,0.0,0.0,0.0,0.0,1.0,1.0,62.0,28.0,0
1.0,41.17,4.04,2.0,13.0,8.0,7.0,1.0,1.0,8.0,0.0,2.0,320.0,1.0,0
1.0,42.17,5.04,2.0,11.0,8.0,12.75,1.0,0.0,0.0,1.0,2.0,92.0,1.0,1
1.0,41.17,1.25,1.0,9.0,4.0,0.25,0.0,0.0,0.0,0.0,2.0,0.0,196.0,0
0.0,33.75,0.75,2.0,4.0,5.0,1.0,1.0,1.0,3.0,1.0,2.0,212.0,1.0,0
1.0,25.67,12.5,2.0,13.0,4.0,1.21,1.0,1.0,67.0,1.0,2.0,140.0,259.0,0
1.0,24.33,6.625,1.0,2.0,4.0,5.5,1.0,0.0,0.0,1.0,1.0,100.0,1.0,0
1.0,23.33,11.625,1.0,9.0,4.0,0.835,1.0,0.0,0.0,1.0,2.0,160.0,301.0,1
1.0,30.67,2.5,2.0,13.0,8.0,2.25,0.0,0.0,0.0,1.0,1.0,340.0,1.0,0
1.0,37.17,4.0,2.0,8.0,5.0,5.0,1.0,0.0,0.0,1.0,1.0,280.0,1.0,0
1.0,26.25,1.54,2.0,9.0,4.0,0.125,0.0,0.0,0.0,0.0,2.0,100.0,1.0,0
-1.9104948605685153,33.044024782616745,1.563021086856237,1.6190847121160297,10.027520956099305,4.730870010205589,7.086065370506417,-2.381486911130655,0.29915187753521955,-0.41885852117779243,1.3778396080333815,-0.5428620281863487,84.47145088019236,4.780660933311423,0
0.0,23.0,1.835,2.0,5.0,3.0,0.0,0.0,1.0,1.0,0.0,2.0,200.0,54.0,0
1.0,17.25,3.0,2.0,4.0,4.0,0.04,0.0,0.0,0.0,1.0,2.0,160.0,41.0,0
1.0,29.25,14.79,2.0,6.0,4.0,5.04,1.0,1.0,5.0,1.0,2.0,168.0,1.0,1
0.0,28.58,3.54,2.0,3.0,5.0,0.5,1.0,0.0,0.0,1.0,2.0,171.0,1.0,0
1.0,34.58,0.0,2.0,8.0,4.0,0.0,0.0,0.0,0.0,0.0,3.0,184.0,1.0,0
1.0,23.42,0.585,2.0,8.0,8.0,0.085,1.0,0.0,0.0,0.0,2.0,180.0,1.0,0
1.0,25.0,11.25,2.0,8.0,4.0,2.5,1.0,1.0,17.0,0.0,2.0,200.0,1209.0,1
0.0,18.75,7.5,2.0,11.0,4.0,2.71,1.0,1.0,5.0,0.0,2.0,184.0,26727.0,0
1.0,17.08,0.25,2.0,11.0,4.0,0.335,0.0,1.0,4.0,0.0,2.0,160.0,9.0,1
0.0,16.08,0.335,2.0,1.0,1.0,0.0,0.0,1.0,1.0,0.0,2.0,160.0,127.0,0
1.0,32.92,2.5,2.0,6.0,4.0,1.75,0.0,1.0,2.0,1.0,2.0,720.0,1.0,0
0.0,20.33,10.0,2.0,8.0,8.0,1.0,1.0,1.0,4.0,0.0,2.0,50.0,1466.0,1
0.0,21.75,1.75,1.0,5.0,3.0,0.0,0.0,0.0,0.0,0.0,2.0,160.0,1.0,0
1.0,33.17,1.04,2.0,12.0,8.0,6.5,1.0,0.0,0.0,1.0,2.0,164.0,31286.0,1
0.0,25.33,2.085,2.0,8.0,8.0,2.75,1.0,0.0,0.0,1.0,2.0,360.0,2.0,0
0.0,24.75,3.0,2.0,11.0,8.0,1.835,1.0,1.0,19.0,0.0,2.0,0.0,501.0,1
1.0,30.83,0.0,2.0,9.0,4.0,1.25,1.0,1.0,1.0,0.0,2.0,202.0,1.0,1
1.0,20.75,5.085,1.0,5.0,4.0,0.29,0.0,0.0,0.0,0.0,2.0,140.0,185.0,0
0.0,40.33,8.125,1.0,4.0,4.0,0.165,0.0,1.0,2.0,0.0,2.0,184.0,19.0,0
1.0,29.42,1.25,2.0,8.0,8.0,0.25,0.0,1.0,2.0,1.0,2.0,400.0,109.0,0
1.0,40.92,0.5,1.0,7.0,4.0,0.5,0.0,0.0,0.0,1.0,2.0,130.0,1.0,0
0.0,29.5,0.46,2.0,4.0,4.0,0.54,1.0,1.0,4.0,0.0,2.0,380.0,501.0,1
1.0,54.42,0.5,1.0,4.0,8.0,3.96,1.0,0.0,0.0,0.0,2.0,180.0,315.0,0
1.0,34.0,5.5,1.0,8.0,4.0,1.5,0.0,0.0,0.0,1.0,2.0,60.0,1.0,0
1.0,25.0,12.0,2.0,4.0,4.0,2.25,1.0,1.0,2.0,1.0,2.0,120.0,6.0,0
0.0,26.58,2.54,1.0,1.0,1.0,0.0,0.0,0.0,0.0,1.0,2.0,180.0,61.0,0
0.0,35.48992740455243,9.743115155366509,2.1422871153385703,7.213446354342919,-5.2996662097467855,0.5660718132358019,-0.49961045415511096,0.9612715935961904,4.828918367561837,0.0,0.24261925957790265,0.0,0.05290917781620108,1
-0.4308243467853543,27.626981750063887,2.392325709847892,1.1901200650470873,6.028916556696377,6.274167600382917,4.795153484268656,-0.0,0.0,0.0,-0.0,0.741269840001084,49.43425661433395,1.6121584858848386,0
1.0,36.17,5.5,2.0,3.0,5.0,5.0,0.0,0.0,0.0,0.0,2.0,210.0,688.0,0
1.0,19.5,0.29,2.0,4.0,4.0,0.29,0.0,0.0,0.0,0.0,2.0,280.0,365.0,0
1.0,24.17,0.875,2.0,11.0,4.0,4.625,1.0,1.0,2.0,1.0,2.0,520.0,2001.0,1
0.0,30.5,6.5,2.0,8.0,5.0,4.0,1.0,1.0,7.0,1.0,2.0,0.0,3066.0,0
1.0,20.0,7.0,2.0,8.0,4.0,0.5,0.0,0.0,0.0,0.0,2.0,0.0,1.0,0
1.0,25.33,0.58,2.0,8.0,4.0,0.29,1.0,1.0,7.0,1.0,2.0,96.0,5125.0,1
1.0,29.58,4.75,2.0,7.0,4.0,2.0,0.0,1.0,1.0,1.0,2.0,460.0,69.0,0
1.0,43.17,2.25,2.0,3.0,5.0,0.75,1.0,0.0,0.0,0.0,2.0,560.0,1.0,0
1.0,28.75,1.165,2.0,4.0,4.0,0.5,1.0,0.0,0.0,0.0,1.0,280.0,1.0,0
1.0,31.57,3.0,1.0,3.0,5.0,7.0,0.0,0.0,0.0,0.0,2.0,0.0,2.0,0
1.0,20.25,9.96,2.0,10.0,2.0,0.0,1.0,0.0,0.0,0.0,2.0,0.0,1.0,1
1.0,45.0,8.5,2.0,13.0,8.0,14.0,1.0,1.0,1.0,1.0,2.0,88.0,2001.0,0
0.0,22.83,2.29,2.0,11.0,8.0,2.29,1.0,1.0,7.0,1.0,2.0,140.0,2385.0,1
0.0,20.67,3.0,2.0,11.0,4.0,0.165,1.0,1.0,3.0,0.0,2.0,100.0,7.0,1
1.0,27.83,1.5,2.0,9.0,4.0,2.25,0.0,1.0,1.0,1.0,2.0,100.0,4.0,0
1.0,40.92,2.25,1.0,14.0,8.0,10.0,1.0,0.0,0.0,1.0,2.0,176.0,1.0,0
1.0,56.42,28.0,1.0,8.0,4.0,28.5,1.0,1.0,40.0,0.0,2.0,0.0,16.0,0
0.0,64.08,0.165,2.0,1.0,1.0,0.0,1.0,1.0,1.0,0.0,2.0,232.0,101.0,1
0.0,22.42,11.25,1.0,14.0,8.0,0.75,1.0,1.0,4.0,0.0,2.0,0.0,322.0,1
0.0,24.33,2.5,1.0,3.0,5.0,4.5,0.0,0.0,0.0,0.0,2.0,200.0,457.0,0
0.0,69.5,6.0,2.0,1.0,1.0,0.0,0.0,0.0,0.0,0.0,1.0,0.0,1.0,0
1.0,35.58,0.75,2.0,4.0,4.0,1.5,0.0,0.0,0.0,1.0,2.0,231.0,1.0,0
1.0,48.33,12.0,2.0,7.0,4.0,16.0,1.0,0.0,0.0,0.0,1.0,110.0,1.0,1
0.0,28.08,15.0,1.0,10.0,9.0,0.0,1.0,0.0,0.0,0.0,2.0,0.0,13213.0,1
1.0,35.17,2.5,2.0,4.0,4.0,4.5,1.0,1.0,7.0,0.0,2.0,150.0,1271.0,1
1.0,49.5,7.585,2.0,3.0,5.0,7.585,1.0,1.0,15.0,1.0,2.0,0.0,5001.0,1
1.0,80.25,5.5,2.0,8.0,4.0,0.54,1.0,0.0,0.0,0.0,2.0,0.0,341.0,0
1.0,29.25,13.0,2.0,2.0,8.0,0.5,0.0,0.0,0.0,0.0,2.0,228.0,1.0,0
0.0,16.92,0.5,2.0,3.0,4.0,0.165,0.0,1.0,6.0,1.0,2.0,240.0,36.0,0
0.0,-1.0181420277601632,0.29127117330100344,3.616808207227253,4.5797761962221895,2.783081884887883,-0.6912003018285431,0.0,0.9732520500667372,3.466516117040335,0.7784716297937373,1.3966365354572257,620.1288751113673,1.9436321242522712,0
1.0,60.08,14.5,2.0,1.0,1.0,18.0,1.0,1.0,15.0,1.0,2.0,0.0,1001.0,1
1.0,28.0,2.0,2.0,4.0,8.0,4.165,1.0,1.0,2.0,1.0,2.0,181.0,1.0,1
1.0,41.5,1.54,2.0,3.0,5.0,3.5,0.0,0.0,0.0,0.0,2.0,216.0,1.0,1
1.0,24.08,9.0,2.0,6.0,4.0,0.25,0.0,0.0,0.0,1.0,2.0,0.0,1.0,0
1.0,24.5,13.335,1.0,6.0,4.0,0.04,0.0,0.0,0.0,1.0,2.0,120.0,476.0,0
1.0,34.75,15.0,2.0,12.0,7.0,5.375,1.0,1.0,9.0,1.0,2.0,0.0,135.0,1
1.0,33.67,1.25,2.0,9.0,4.0,1.165,0.0,0.0,0.0,0.0,2.0,120.0,1.0,0
0.0,40.83,10.0,2.0,11.0,8.0,1.75,1.0,0.0,0.0,0.0,2.0,29.0,838.0,1
1.0,20.42,1.835,2.0,8.0,4.0,2.25,1.0,1.0,1.0,0.0,2.0,100.0,151.0,1
1.7720546234788734,37.33264261143285,2.947135042591851,1.842532328429002,1.592396389379129,5.298788471695713,1.1781159346371373,-0.7898143234863969,0.8235603193032384,0.3058515395506155,1.4883889218349555,2.293139478108033,430.87551316307764,1.249758612204466,1
1.0,48.5,4.25,2.0,7.0,4.0,0.125,1.0,0.0,0.0,1.0,2.0,225.0,1.0,1
1.0,23.0,0.75,2.0,7.0,4.0,0.5,0.0,0.0,0.0,1.0,1.0,320.0,1.0,0
1.0,35.0,3.375,2.0,8.0,8.0,8.29,0.0,0.0,0.0,1.0,2.0,0.0,1.0,0
1.0,16.33,2.75,2.0,6.0,4.0,0.665,0.0,1.0,1.0,0.0,2.0,80.0,22.0,0
1.0,22.67,10.5,2.0,11.0,8.0,1.335,1.0,0.0,0.0,0.0,2.0,100.0,1.0,1
0.0,21.75,11.75,2.0,8.0,4.0,0.25,0.0,0.0,0.0,1.0,2.0,180.0,1.0,0
0.0,25.08,2.54,1.0,6.0,4.0,0.25,1.0,0.0,0.0,1.0,2.0,370.0,1.0,1
1.0,36.33,2.125,1.0,9.0,4.0,0.085,1.0,1.0,1.0,0.0,2.0,50.0,1188.0,1
0.0,28.58,3.75,2.0,8.0,4.0,0.25,0.0,1.0,1.0,1.0,2.0,40.0,155.0,0
1.0,22.17,12.125,2.0,8.0,4.0,3.335,0.0,1.0,2.0,1.0,2.0,180.0,174.0,0
1.0,34.17,1.54,2.0,13.0,4.0,1.54,1.0,1.0,1.0,1.0,2.0,520.0,50001.0,0
1.0,35.0,2.5,2.0,3.0,4.0,1.0,0.0,0.0,0.0,1.0,2.0,210.0,1.0,0
1.0,28.58,3.625,2.0,6.0,4.0,0.25,0.0,0.0,0.0,1.0,2.0,100.0,1.0,0
0.0,19.17,5.415,2.0,3.0,8.0,0.29,0.0,0.0,0.0,0.0,2.0,80.0,485.0,0
0.4731681717402677,21.707470744422942,0.7411166126644548,2.1053673502258006,7.3811651224030035,4.616423091742856,0.6555098182177044,1.7413381546206488,0.5956929964874014,0.0568022345550922,0.8979436912460579,0.7788565297054167,299.38692852090327,1.9569456178330347,1
1.0,16.5,0.125,2.0,8.0,4.0,0.165,0.0,0.0,0.0,0.0,2.0,132.0,1.0,0
0.0,20.08,0.125,2.0,11.0,4.0,1.0,0.0,1.0,1.0,0.0,2.0,240.0,769.0,1
1.0,22.33,11.0,2.0,9.0,4.0,2.0,1.0,1.0,1.0,0.0,2.0,80.0,279.0,1
1.0,34.0,5.085,1.0,3.0,5.0,1.085,0.0,0.0,0.0,1.0,2.0,480.0,1.0,1
0.23539768845104075,57.49966417898295,-0.32019931939038576,0.8699857014529813,1.5400716235874063,7.836312905849301,0.2633153834517058,0.8281611440043173,-0.3485692243390392,1.1680869537402174,1.6009539239453487,1.204975113168036,251.29157819380714,2198.018437027447,0
1.0,16.25,0.835,2.0,7.0,4.0,0.085,1.0,0.0,0.0,0.0,1.0,200.0,1.0,0
1.0,32.83,2.5,2.0,13.0,8.0,2.75,1.0,1.0,6.0,0.0,2.0,160.0,2073.0,0
1.0,48.25,25.085,2.0,9.0,4.0,1.75,1.0,1.0,3.0,0.0,2.0,120.0,15.0,1
1.0,34.17,2.75,2.0,3.0,5.0,2.5,0.0,0.0,0.0,1.0,2.0,232.0,201.0,0
1.0,18.33,1.21,1.0,10.0,2.0,0.0,0.0,0.0,0.0,0.0,2.0,100.0,1.0,0
1.0,44.25,0.5,2.0,7.0,4.0,10.75,1.0,0.0,0.0,0.0,1.0,400.0,1.0,0
1.0,38.92,1.75,2.0,4.0,4.0,0.5,0.0,0.0,0.0,1.0,2.0,300.0,3.0,0
1.0,31.58,0.75,1.0,6.0,4.0,3.5,0.0,0.0,0.0,1.0,2.0,320.0,1.0,1
1.0892192676059682,37.114140964526285,1.9123461327714064,4.986812503367533,7.749343355653852,-3.213671388396662,0.5124017148674482,1.472750134745018,1.6847059715505837,2.4817688459198495,2.0696577476484963,3.757729462521965,391.36282318636887,28.522889233060724,1
-0.3367135996777535,63.153592431010715,9.956880410547551,1.776061115165549,11.36737638365911,9.834494649974001,19.94180151074268,0.17921180575459583,0.04822972980072726,6.993954921118326,2.893365136477522,1.2594629758336775,22.931839002807767,1.4695743547735813,0
1.0,41.33,0.0,2.0,8.0,5.0,15.0,1.0,0.0,0.0,0.0,2.0,0.0,1.0,1
1.0,31.25,1.125,2.0,1.0,1.0,0.0,0.0,1.0,1.0,0.0,2.0,96.0,20.0,0
0.0,36.75,4.71,2.0,1.0,1.0,0.0,0.0,0.0,0.0,0.0,2.0,160.0,1.0,0
1.0,32.33,7.5,2.0,10.0,5.0,1.585,1.0,0.0,0.0,1.0,1.0,420.0,1.0,0
0.0,31.92,3.125,2.0,1.0,1.0,3.04,0.0,1.0,2.0,1.0,2.0,200.0,5.0,0
1.0,24.83,2.75,2.0,8.0,4.0,2.25,1.0,1.0,6.0,0.0,2.0,184.0,601.0,1
1.0,21.92,0.54,1.0,14.0,4.0,0.04,1.0,1.0,1.0,1.0,2.0,840.0,60.0,1
1.0,34.25,3.0,2.0,13.0,8.0,7.415,1.0,0.0,0.0,1.0,2.0,0.0,1.0,1
1.0,51.83,3.0,1.0,1.0,1.0,1.5,0.0,0.0,0.0,0.0,2.0,180.0,5.0,0
0.0,31.57,1.5,2.0,1.0,1.0,0.0,0.0,1.0,2.0,1.0,2.0,200.0,106.0,0
1.0,38.42,0.705,2.0,8.0,4.0,0.375,0.0,1.0,2.0,0.0,2.0,225.0,501.0,0
1.0,39.17,1.71,2.0,14.0,4.0,0.125,1.0,1.0,5.0,1.0,2.0,480.0,1.0,1
1.0,18.17,2.46,2.0,8.0,7.0,0.96,0.0,1.0,2.0,1.0,2.0,160.0,588.0,0
1.0,39.0,5.0,2.0,13.0,4.0,3.5,1.0,1.0,10.0,1.0,2.0,0.0,1.0,1
1.0,20.0,11.045,2.0,8.0,4.0,2.0,0.0,0.0,0.0,1.0,2.0,136.0,1.0,0
1.0,32.75,2.335,2.0,2.0,8.0,5.75,0.0,0.0,0.0,1.0,2.0,292.0,1.0,0
1.0,18.58,5.71,2.0,2.0,4.0,0.54,0.0,0.0,0.0,0.0,2.0,120.0,1.0,0
-2.118175421510602,15.777279073938596,9.50389774252973,1.355999411718297,11.406612942862472,4.539014296024915,0.6885977315476113,-0.4831827693264649,1.4772130481426788,0.6710032614655534,0.7478089238845227,2.139439497288901,-0.49637284465454423,160.55290869094333,0
1.0,39.33,5.875,2.0,13.0,8.0,10.0,1.0,1.0,14.0,1.0,2.0,399.0,1.0,0
0.0,19.58,0.665,2.0,9.0,4.0,1.665,0.0,0.0,0.0,0.0,2.0,220.0,6.0,0
1.0,21.33,10.5,2.0,8.0,4.0,3.0,1.0,0.0,0.0,1.0,2.0,0.0,1.0,1
0.0,22.67,0.75,2.0,8.0,4.0,2.0,0.0,1.0,2.0,1.0,2.0,200.0,395.0,0
1.0,25.67,3.25,2.0,8.0,8.0,2.29,0.0,1.0,1.0,1.0,2.0,416.0,22.0,0
1.0,21.08,10.085,1.0,10.0,8.0,1.25,0.0,0.0,0.0,0.0,2.0,260.0,1.0,0
0.0,49.0,1.5,2.0,5.0,3.0,0.0,1.0,0.0,0.0,1.0,2.0,100.0,28.0,0
1.0,20.67,5.29,2.0,11.0,4.0,0.375,1.0,1.0,1.0,0.0,2.0,160.0,1.0,0
0.0,19.67,0.21,2.0,11.0,8.0,0.29,1.0,1.0,11.0,0.0,2.0,80.0,100.0,1
1.0,21.83,0.25,2.0,2.0,8.0,0.665,1.0,0.0,0.0,1.0,2.0,0.0,1.0,1
1.0,26.83,0.54,2.0,4.0,1.0,0.0,0.0,0.0,0.0,0.0,2.0,100.0,1.0,0
0.0,38.58,5.0,2.0,13.0,4.0,13.5,1.0,0.0,0.0,1.0,2.0,980.0,1.0,0
0.0,50.08,12.54,2.0,6.0,4.0,2.29,1.0,1.0,3.0,1.0,2.0,156.0,1.0,1
0.0,15.75,0.375,2.0,8.0,4.0,1.0,0.0,0.0,0.0,0.0,2.0,120.0,19.0,0
0.0,24.5,12.75,2.0,8.0,5.0,4.75,1.0,1.0,2.0,0.0,2.0,73.0,445.0,1
1.0,21.0,4.79,1.0,9.0,4.0,2.25,1.0,1.0,1.0,1.0,2.0,80.0,301.0,1
1.0,22.08,11.0,2.0,13.0,4.0,0.665,1.0,0.0,0.0,0.0,2.0,100.0,1.0,1
1.0,54.58,9.415,2.0,1.0,1.0,14.415,1.0,1.0,11.0,1.0,2.0,30.0,301.0,1
1.0,18.08,5.5,2.0,4.0,4.0,0.5,1.0,0.0,0.0,0.0,2.0,80.0,1.0,1
1.0,36.67,4.415,1.0,4.0,4.0,0.25,1.0,1.0,10.0,1.0,2.0,320.0,1.0,0
-0.15829869390645124,25.25448767315715,4.60877372459582,4.39120756632882,38.91493417198356,4.949567169960341,0.6755319426197742,1.1692607421233743,0.5405343738508133,6.864771127282752,0.0,4.701652738838076,717.138764314684,24.029372771928898,1
1.0,21.83,1.54,2.0,4.0,4.0,0.085,0.0,0.0,0.0,1.0,2.0,356.0,1.0,0
0.0,51.92,6.5,2.0,3.0,5.0,3.085,0.0,0.0,0.0,1.0,2.0,73.0,1.0,0
1.0,22.17,2.25,2.0,3.0,4.0,0.125,0.0,0.0,0.0,0.0,2.0,160.0,11.0,0
1.0,52.42,1.5,2.0,2.0,4.0,3.75,0.0,0.0,0.0,1.0,2.0,0.0,351.0,0
0.0,60.92,5.0,2.0,6.0,4.0,4.0,1.0,1.0,4.0,0.0,2.0,0.0,100.0,1
1.0,20.17,5.625,2.0,9.0,4.0,1.71,1.0,0.0,0.0,0.0,1.0,120.0,1.0,1
1.0,23.25,4.0,2.0,8.0,5.0,0.25,1.0,0.0,0.0,1.0,2.0,160.0,1.0,1
1.0,36.17,0.42,1.0,9.0,4.0,0.29,0.0,0.0,0.0,1.0,2.0,309.0,3.0,0
0.0,42.25,1.75,1.0,8.0,4.0,0.0,0.0,0.0,0.0,1.0,2.0,150.0,2.0,0
1.0,23.58,0.835,2.0,3.0,8.0,0.085,0.0,0.0,0.0,1.0,2.0,220.0,6.0,0
0.0,36.0,1.0,2.0,8.0,4.0,2.0,1.0,1.0,11.0,0.0,2.0,0.0,457.0,0
1.0,39.58,5.0,2.0,1.0,1.0,0.0,0.0,1.0,2.0,0.0,2.0,17.0,2.0,0
0.0,18.83,4.415,1.0,8.0,8.0,3.0,1.0,0.0,0.0,0.0,2.0,240.0,1.0,1
1.0,27.25,0.625,2.0,6.0,4.0,0.455,1.0,0.0,0.0,1.0,2.0,200.0,1.0,0
1.0,32.42,3.0,2.0,2.0,4.0,0.165,0.0,0.0,0.0,1.0,2.0,120.0,1.0,0
1.0,19.42,1.5,1.0,13.0,4.0,2.0,1.0,0.0,0.0,1.0,2.0,100.0,21.0,0
0.0,22.58,10.75,2.0,11.0,4.0,0.415,1.0,1.0,5.0,1.0,2.0,0.0,561.0,1
1.0,39.92,6.21,2.0,11.0,4.0,0.04,1.0,1.0,1.0,0.0,2.0,200.0,301.0,1
1.0,22.67,0.165,2.0,8.0,3.0,2.25,0.0,0.0,0.0,1.0,1.0,0.0,1.0,1
0.0,23.42,0.79,1.0,11.0,4.0,1.5,1.0,1.0,2.0,1.0,2.0,80.0,401.0,1
1.0827778088634064,29.904847405549408,4.604217011901132,1.4700561409142305,9.835789740285913,0.9730083337594135,1.288627331761155,0.9900192577842758,-0.15948224768436492,2.990850614616483,1.6799704733228369,4.241692189911461,99.78977504937168,502.8377286419311,1
0.0,40.33,7.54,1.0,11.0,8.0,8.0,1.0,1.0,14.0,0.0,2.0,0.0,2301.0,1
0.0,36.75,5.125,2.0,10.0,4.0,5.0,1.0,0.0,0.0,1.0,2.0,0.0,4001.0,1
1.0,31.0,2.085,2.0,8.0,4.0,0.085,0.0,0.0,0.0,0.0,2.0,300.0,1.0,0
0.0,25.17,2.875,2.0,14.0,8.0,0.875,1.0,0.0,0.0,0.0,2.0,360.0,1.0,1
1.0,27.42,12.5,2.0,6.0,5.0,0.25,0.0,0.0,0.0,1.0,2.0,720.0,1.0,0
1.0,31.57,4.0,2.0,14.0,4.0,5.0,1.0,1.0,3.0,1.0,2.0,290.0,2280.0,0
1.0,34.08,6.5,2.0,6.0,4.0,0.125,1.0,0.0,0.0,1.0,2.0,443.0,1.0,0
1.0,22.08,2.335,2.0,4.0,4.0,0.75,0.0,0.0,0.0,0.0,2.0,180.0,1.0,0
1.0,31.08,3.085,2.0,8.0,4.0,2.5,0.0,1.0,2.0,1.0,2.0,160.0,42.0,0
1.0,31.57,0.5,2.0,8.0,5.0,0.835,1.0,0.0,0.0,1.0,1.0,320.0,1.0,0
1.0,16.0,3.125,2.0,9.0,4.0,0.085,0.0,1.0,1.0,0.0,2.0,0.0,7.0,0
1.0,27.25,1.665,2.0,13.0,8.0,5.085,1.0,1.0,9.0,0.0,2.0,399.0,828.0,0
1.0,25.17,3.0,2.0,8.0,4.0,1.25,0.0,1.0,1.0,0.0,2.0,0.0,23.0,0
1.0,67.75,5.5,2.0,10.0,9.0,13.0,1.0,1.0,1.0,1.0,2.0,0.0,1.0,1
0.0,18.83,9.5,2.0,9.0,4.0,1.625,1.0,1.0,6.0,1.0,2.0,40.0,601.0,1
0.0,27.25,0.29,2.0,7.0,8.0,0.125,0.0,1.0,1.0,1.0,2.0,272.0,109.0,0
0.0,19.58,0.665,1.0,8.0,4.0,1.0,0.0,1.0,1.0,0.0,2.0,2000.0,3.0,0
1.0,30.75,1.585,2.0,2.0,4.0,0.585,0.0,0.0,0.0,1.0,1.0,0.0,1.0,0
0.0,50.25,0.835,2.0,6.0,4.0,0.5,0.0,0.0,0.0,1.0,2.0,240.0,118.0,0
1.0,31.08,1.5,1.0,9.0,4.0,0.04,0.0,0.0,0.0,0.0,1.0,160.0,1.0,0
1.0,51.58,15.0,2.0,8.0,4.0,8.5,1.0,1.0,9.0,0.0,2.0,0.0,1.0,1
0.0,36.58,0.29,2.0,1.0,1.0,0.0,0.0,1.0,10.0,0.0,2.0,200.0,19.0,0
1.0,33.58,2.75,2.0,7.0,4.0,4.25,1.0,1.0,6.0,0.0,2.0,204.0,1.0,1
0.0,20.83,3.0,2.0,6.0,4.0,0.04,1.0,0.0,0.0,0.0,2.0,100.0,1.0,1
1.0,36.17,18.125,2.0,9.0,4.0,0.085,0.0,0.0,0.0,0.0,2.0,320.0,3553.0,0
1.0,50.75,0.585,2.0,1.0,1.0,0.0,0.0,0.0,0.0,0.0,2.0,145.0,1.0,0
0.0,23.58,0.83,2.0,11.0,4.0,0.415,0.0,1.0,1.0,1.0,2.0,200.0,12.0,0
1.0,35.17,4.5,2.0,14.0,8.0,5.75,0.0,0.0,0.0,1.0,1.0,711.0,1.0,1
0.0,58.42,21.0,2.0,3.0,5.0,10.0,1.0,1.0,13.0,0.0,2.0,0.0,6701.0,1
1.0,28.25,0.875,2.0,7.0,4.0,0.96,1.0,1.0,3.0,1.0,2.0,396.0,1.0,1
1.0,31.57,0.625,2.0,4.0,4.0,0.25,0.0,0.0,0.0,0.0,2.0,380.0,2011.0,0
0.0,31.75,3.0,1.0,5.0,3.0,0.0,0.0,0.0,0.0,0.0,2.0,160.0,21.0,0
1.0,19.42,6.5,2.0,9.0,8.0,1.46,1.0,1.0,7.0,0.0,2.0,80.0,2955.0,1
1.0,39.08,6.0,2.0,7.0,4.0,1.29,1.0,1.0,5.0,1.0,2.0,108.0,1098.0,1
1.0,17.08,3.29,2.0,3.0,4.0,0.335,0.0,0.0,0.0,1.0,2.0,140.0,3.0,0
1.0,44.83,7.0,1.0,8.0,4.0,1.625,0.0,0.0,0.0,0.0,2.0,160.0,3.0,0
1.0,16.25,0.0,1.0,6.0,4.0,0.25,0.0,0.0,0.0,0.0,2.0,60.0,1.0,0
0.0,53.14829259346229,7.212395549133304,-2.922636166802035,16.870547865976512,3.349829916114886,1.0145625213109621,0.468619978669223,1.6746387751138019,3.5154679195083687,-0.01663884480389033,1.013315351070776,178.78220192481825,1.0874914582133604,1
1.0,28.92,15.0,2.0,8.0,8.0,5.335,1.0,1.0,11.0,0.0,2.0,0.0,2284.0,1
0.0,26.17,2.0,2.0,5.0,3.0,0.0,0.0,0.0,0.0,1.0,2.0,276.0,2.0,0
1.0,38.58,3.335,2.0,9.0,4.0,4.0,1.0,1.0,14.0,0.0,2.0,383.0,1345.0,1
1.0,25.17,6.0,2.0,8.0,4.0,1.0,1.0,1.0,3.0,0.0,2.0,0.0,1.0,1
0.0,28.17,0.375,2.0,11.0,4.0,0.585,1.0,1.0,4.0,0.0,2.0,80.0,1.0,0
1.0,73.42,17.75,2.0,1.0,1.0,0.0,1.0,0.0,0.0,1.0,2.0,0.0,1.0,1
1.0,22.5,11.5,1.0,7.0,4.0,1.5,0.0,0.0,0.0,1.0,2.0,0.0,4001.0,0
0.0,27.17,1.25,2.0,1.0,1.0,0.0,0.0,1.0,1.0,0.0,2.0,92.0,301.0,0
0.0,19.17,8.585,2.0,13.0,8.0,0.75,1.0,1.0,7.0,0.0,2.0,96.0,1.0,1
0.0,25.58,0.0,2.0,8.0,4.0,0.0,0.0,0.0,0.0,0.0,3.0,184.0,1.0,1
1.0,31.57,0.04,1.0,2.0,4.0,4.25,0.0,0.0,0.0,1.0,2.0,460.0,1.0,0
0.0,22.5,8.5,2.0,11.0,4.0,1.75,1.0,1.0,10.0,0.0,2.0,80.0,991.0,0
0.0,22.92,1.25,2.0,11.0,4.0,0.25,0.0,0.0,0.0,1.0,2.0,120.0,810.0,0
1.0,23.25,12.625,2.0,8.0,4.0,0.125,0.0,1.0,2.0,0.0,2.0,0.0,5553.0,0
0.0,29.5,1.085,1.0,14.0,4.0,1.0,0.0,0.0,0.0,0.0,2.0,280.0,14.0,0
0.0,32.0,6.0,2.0,2.0,4.0,1.25,0.0,0.0,0.0,0.0,2.0,272.0,1.0,0
1.0,27.0,1.5,1.0,9.0,4.0,0.375,1.0,0.0,0.0,1.0,2.0,260.0,1066.0,1
1.0,19.33,10.915,2.0,8.0,5.0,0.585,0.0,1.0,2.0,1.0,2.0,200.0,8.0,0
1.0,35.75,2.415,2.0,9.0,4.0,0.125,0.0,1.0,2.0,0.0,2.0,220.0,2.0,0
1.0,18.83,0.0,2.0,11.0,4.0,0.665,0.0,0.0,0.0,0.0,2.0,160.0,2.0,0
0.0,28.75,3.75,2.0,8.0,4.0,1.085,1.0,1.0,1.0,1.0,2.0,371.0,1.0,1
1.0,34.42,4.25,2.0,3.0,5.0,3.25,1.0,1.0,2.0,0.0,2.0,274.0,611.0,1
0.0,33.25,3.0,1.0,6.0,4.0,2.0,0.0,0.0,0.0,0.0,2.0,180.0,1.0,0
1.0,53.92,9.625,2.0,10.0,4.0,8.665,1.0,1.0,5.0,0.0,2.0,0.0,1.0,1
1.0,25.25,1.0,2.0,6.0,4.0,0.5,0.0,0.0,0.0,0.0,2.0,200.0,1.0,0
1.0,32.42,2.165,1.0,4.0,1.0,0.0,0.0,0.0,0.0,0.0,2.0,120.0,1.0,0
0.0,21.08,5.0,1.0,1.0,1.0,0.0,0.0,0.0,0.0,0.0,2.0,0.0,1.0,0
0.0,56.5,16.0,2.0,5.0,1.0,0.0,1.0,1.0,15.0,0.0,2.0,0.0,248.0,1
1.0,32.25,0.165,1.0,8.0,8.0,3.25,1.0,1.0,1.0,1.0,2.0,432.0,8001.0,1
0.0,20.5,11.835,2.0,8.0,8.0,6.0,1.0,0.0,0.0,0.0,2.0,340.0,1.0,1
0.0,30.25,5.5,2.0,4.0,4.0,5.5,0.0,0.0,0.0,1.0,1.0,100.0,1.0,0
0.0,24.58,0.67,2.0,6.0,8.0,1.75,1.0,0.0,0.0,0.0,2.0,400.0,1.0,0
1.0,23.17,11.125,2.0,14.0,8.0,0.46,1.0,1.0,1.0,0.0,2.0,100.0,1.0,0
0.0,31.57,11.25,2.0,1.0,1.0,0.0,0.0,0.0,0.0,0.0,2.0,184.0,5201.0,0
0.0,32.33,0.54,2.0,13.0,4.0,0.04,1.0,0.0,0.0,0.0,2.0,440.0,11178.0,1
1.0,23.92,1.5,2.0,2.0,8.0,1.875,1.0,1.0,6.0,0.0,2.0,200.0,328.0,1
1.0,36.75,0.125,1.0,8.0,4.0,1.5,0.0,0.0,0.0,1.0,2.0,232.0,114.0,1
1.0,29.83,1.25,1.0,4.0,4.0,0.25,0.0,0.0,0.0,0.0,2.0,224.0,1.0,0
0.0,24.08,0.5,2.0,11.0,8.0,1.25,1.0,1.0,1.0,0.0,2.0,0.0,679.0,1
1.0,21.17,0.25,1.0,8.0,8.0,0.25,0.0,0.0,0.0,0.0,2.0,280.0,205.0,0
1.0,31.42,15.5,2.0,8.0,4.0,0.5,1.0,0.0,0.0,0.0,2.0,120.0,1.0,0
1.0,22.83,3.0,2.0,7.0,4.0,1.29,1.0,1.0,1.0,0.0,2.0,260.0,801.0,1
1.0,37.5,1.75,1.0,8.0,5.0,0.25,1.0,0.0,0.0,1.0,2.0,164.0,401.0,0
0.0,24.83,4.5,2.0,9.0,4.0,1.0,0.0,0.0,0.0,1.0,2.0,360.0,7.0,1
1.0,36.33,3.79,2.0,9.0,4.0,1.165,1.0,0.0,0.0,1.0,2.0,200.0,1.0,0
0.0,47.25,0.75,2.0,11.0,8.0,2.75,1.0,1.0,1.0,0.0,2.0,333.0,893.0,1
1.0,32.08,4.0,1.0,13.0,4.0,1.5,0.0,0.0,0.0,1.0,2.0,120.0,1.0,0
0.0,30.58,10.665,2.0,11.0,8.0,0.085,0.0,1.0,12.0,1.0,2.0,129.0,4.0,0
1.0,27.83,1.54,2.0,9.0,4.0,3.75,1.0,1.0,5.0,1.0,2.0,100.0,4.0,1
1.0,54.83,15.5,2.0,10.0,9.0,0.0,1.0,1.0,20.0,0.0,2.0,152.0,131.0,0
1.0,16.08,0.75,2.0,8.0,4.0,1.75,1.0,1.0,5.0,1.0,2.0,352.0,691.0,1
1.0,24.58,12.5,2.0,9.0,4.0,0.875,1.0,0.0,0.0,1.0,2.0,260.0,1.0,0
1.0,32.67,5.5,2.0,11.0,8.0,5.5,1.0,1.0,12.0,1.0,2.0,408.0,1001.0,1
1.0,30.17,0.5,2.0,8.0,4.0,1.75,1.0,1.0,11.0,0.0,2.0,32.0,541.0,1
1.0,22.25,0.46,2.0,4.0,4.0,0.125,0.0,0.0,0.0,1.0,2.0,280.0,56.0,0
1.0,41.75,0.96,2.0,14.0,4.0,2.5,1.0,0.0,0.0,0.0,2.0,510.0,601.0,1
1.0,36.67,2.0,2.0,3.0,4.0,0.25,0.0,0.0,0.0,1.0,2.0,221.0,1.0,0
1.0,25.83,12.835,2.0,13.0,4.0,0.5,0.0,0.0,0.0,0.0,2.0,0.0,3.0,0
1.0,29.92,1.835,2.0,8.0,8.0,4.335,1.0,0.0,0.0,0.0,2.0,260.0,201.0,1
1.0,20.08,0.25,2.0,11.0,4.0,0.125,0.0,0.0,0.0,0.0,2.0,200.0,1.0,0
1.0,19.67,0.375,2.0,11.0,4.0,2.0,1.0,1.0,2.0,1.0,2.0,80.0,1.0,1
1.0,51.42,0.04,2.0,14.0,8.0,0.04,1.0,0.0,0.0,0.0,2.0,0.0,3001.0,1
1.0,62.75,7.0,2.0,10.0,9.0,0.0,0.0,0.0,0.0,0.0,2.0,0.0,13.0,0
1.0,40.58,3.29,2.0,7.0,4.0,3.5,0.0,0.0,0.0,1.0,1.0,400.0,1.0,0
0.0,16.33,0.21,2.0,6.0,4.0,0.125,0.0,0.0,0.0,0.0,2.0,200.0,2.0,0
1.0,29.5,0.58,2.0,9.0,4.0,0.29,0.0,1.0,1.0,0.0,2.0,340.0,2804.0,0
0.9738772829574911,34.414790890651794,2.989774493705521,1.5796588456114282,5.807475673660285,3.48984847971329,0.4839884116865225,0.3459863339391889,-1.2019123637362068,-0.9060704746066061,1.3092691549532889,3.2710850367424524,239.625939165553,1.3519109822903321,0
0.0,71.58,0.0,2.0,8.0,4.0,0.0,0.0,0.0,0.0,0.0,3.0,184.0,1.0,1
1.0,42.0,0.205,2.0,3.0,8.0,5.125,1.0,0.0,0.0,0.0,2.0,400.0,1.0,1
0.0,22.5,11.0,1.0,11.0,4.0,3.0,1.0,0.0,0.0,1.0,2.0,268.0,1.0,0
1.0,24.42,2.0,2.0,10.0,2.0,0.165,0.0,1.0,2.0,0.0,2.0,320.0,1301.0,1
1.0,44.33,0.5,2.0,3.0,8.0,5.0,1.0,0.0,0.0,1.0,2.0,320.0,1.0,1
0.0,23.0,11.75,2.0,14.0,8.0,0.5,1.0,1.0,2.0,1.0,2.0,300.0,552.0,1
1.0,34.42,1.335,2.0,3.0,5.0,0.125,0.0,0.0,0.0,1.0,2.0,440.0,4501.0,0
1.0,23.08,11.5,2.0,3.0,4.0,3.5,1.0,1.0,9.0,0.0,2.0,56.0,743.0,1
1.0,25.92,0.875,2.0,4.0,4.0,0.375,0.0,1.0,2.0,1.0,2.0,174.0,4.0,0
0.0,17.58,9.0,2.0,6.0,4.0,1.375,1.0,0.0,0.0,1.0,2.0,0.0,1.0,1
1.0,20.42,1.085,2.0,11.0,4.0,1.5,0.0,0.0,0.0,0.0,2.0,108.0,8.0,0
1.0,31.67,16.165,2.0,2.0,4.0,3.0,1.0,1.0,9.0,0.0,2.0,250.0,731.0,1
0.0,57.58,2.0,2.0,1.0,1.0,6.5,0.0,1.0,1.0,0.0,2.0,0.0,11.0,0
1.0,59.67,1.54,2.0,11.0,4.0,0.125,1.0,0.0,0.0,1.0,2.0,260.0,1.0,1
0.0,65.17,14.0,2.0,1.0,1.0,0.0,1.0,1.0,11.0,1.0,2.0,0.0,1401.0,1
1.0,30.08,1.04,1.0,3.0,5.0,0.5,1.0,1.0,10.0,1.0,2.0,132.0,29.0,0
1.0,48.58,6.5,2.0,11.0,8.0,6.0,1.0,0.0,0.0,1.0,2.0,350.0,1.0,1
0.0,23.58,11.5,1.0,4.0,8.0,3.0,0.0,0.0,0.0,1.0,2.0,20.0,17.0,0
1.0,20.17,9.25,2.0,8.0,4.0,1.665,1.0,1.0,3.0,1.0,2.0,40.0,29.0,1
1.0,48.17,7.625,2.0,9.0,8.0,15.5,1.0,1.0,12.0,0.0,2.0,0.0,791.0,0
1.0,23.25,1.5,2.0,11.0,4.0,2.375,1.0,1.0,3.0,1.0,2.0,0.0,583.0,1
1.0,32.25,14.0,1.0,1.0,1.0,0.0,0.0,1.0,2.0,0.0,2.0,160.0,2.0,0
1.0,33.58,0.335,1.0,13.0,4.0,0.085,0.0,0.0,0.0,0.0,2.0,180.0,1.0,0
1.0,23.58,0.46,1.0,9.0,4.0,2.625,1.0,1.0,6.0,1.0,2.0,208.0,348.0,0
1.0,16.92,0.335,1.0,4.0,4.0,0.29,0.0,0.0,0.0,0.0,1.0,200.0,1.0,0
0.0,20.83,8.5,2.0,8.0,4.0,0.165,0.0,0.0,0.0,0.0,2.0,0.0,352.0,0
0.0,60.58,16.5,2.0,11.0,4.0,11.0,1.0,0.0,0.0,1.0,2.0,21.0,10562.0,1
1.0,31.57,5.0,1.0,6.0,4.0,8.5,1.0,0.0,0.0,0.0,2.0,0.0,1.0,0
0.0,25.0,12.33,2.0,13.0,8.0,3.5,1.0,1.0,6.0,0.0,2.0,400.0,459.0,1
1.0,21.5,9.75,2.0,8.0,4.0,0.25,1.0,0.0,0.0,0.0,2.0,140.0,1.0,0
1.0,20.42,0.0,2.0,8.0,4.0,0.0,0.0,0.0,0.0,0.0,3.0,184.0,1.0,0
0.0,25.25,13.5,1.0,1.0,1.0,2.0,0.0,1.0,1.0,1.0,2.0,200.0,2.0,0
1.0,42.83,4.625,2.0,11.0,4.0,4.58,1.0,0.0,0.0,0.0,1.0,0.0,1.0,1
1.0,26.67,1.75,1.0,8.0,4.0,1.0,1.0,1.0,5.0,1.0,2.0,160.0,5778.0,0
1.0,57.83,7.04,2.0,7.0,4.0,14.0,1.0,1.0,6.0,1.0,2.0,360.0,1333.0,1
1.0,55.92,11.5,2.0,1.0,1.0,5.0,1.0,1.0,5.0,0.0,2.0,0.0,8852.0,1
1.0,51.33,10.0,2.0,3.0,5.0,0.0,1.0,1.0,11.0,0.0,2.0,0.0,1250.0,1
1.0,39.83,0.5,2.0,7.0,4.0,0.25,1.0,0.0,0.0,0.0,1.0,288.0,1.0,0
1.0,27.58,2.04,1.0,6.0,4.0,2.0,1.0,1.0,3.0,1.0,2.0,370.0,561.0,1
1.0,30.17,6.5,2.0,13.0,4.0,3.125,1.0,1.0,8.0,0.0,2.0,330.0,1201.0,0
1.0,51.83,2.04,1.0,1.0,1.0,1.5,0.0,0.0,0.0,0.0,2.0,120.0,2.0,0
0.0,25.0,11.0,1.0,6.0,4.0,4.5,1.0,0.0,0.0,0.0,2.0,120.0,1.0,0
1.0,29.67,0.75,1.0,8.0,4.0,0.04,0.0,0.0,0.0,0.0,2.0,240.0,1.0,0
0.0,33.67,0.375,2.0,13.0,4.0,0.375,0.0,0.0,0.0,0.0,2.0,300.0,45.0,1
1.0,25.75,0.75,2.0,8.0,5.0,0.25,1.0,0.0,0.0,0.0,2.0,349.0,24.0,1
0.0,28.67,1.04,2.0,8.0,4.0,2.5,1.0,1.0,5.0,1.0,2.0,300.0,1431.0,1
0.0,18.08,0.375,3.0,13.0,1.0,10.0,0.0,0.0,0.0,1.0,1.0,300.0,1.0,1
0.5613977561897776,19.8637316614026,6.096757476919011,2.270437057182069,9.258131210378526,4.199443592328048,1.0266555878214452,1.6506734990138607,-0.08178524902703543,3.7440278230314914,0.48941553730401005,2.632144377469687,199.07257817040608,1390.7166227879773,1
1.0,17.5,22.0,3.0,1.0,7.0,0.0,0.0,0.0,0.0,1.0,3.0,450.0,100001.0,0
1.0,18.08,6.75,1.0,7.0,4.0,0.04,0.0,0.0,0.0,0.0,2.0,140.0,1.0,0
1.0,47.67,2.5,2.0,7.0,5.0,2.5,1.0,1.0,12.0,1.0,2.0,410.0,2511.0,1
1.0,57.42,8.5,2.0,10.0,8.0,7.0,1.0,1.0,3.0,0.0,2.0,0.0,1.0,1
1.0,13.75,4.0,1.0,9.0,4.0,1.75,1.0,1.0,2.0,1.0,2.0,120.0,1001.0,1
1.0,19.33,9.5,2.0,11.0,4.0,1.0,1.0,0.0,0.0,1.0,2.0,60.0,401.0,1
0.0,-0.31324883258417835,-19.284199162897814,3.880006316777043,4.599554316861546,4.340883271033099,0.15036669507523068,0.0,0.0,0.0,0.0,2.062110868029893,223.0070353257591,11.649252775441965,0
1.0,17.58,10.0,2.0,9.0,8.0,0.165,0.0,1.0,1.0,0.0,2.0,120.0,2.0,0
1.0,34.83,2.5,1.0,9.0,4.0,3.0,0.0,0.0,0.0,0.0,1.0,200.0,1.0,0
1.0,29.17,3.5,2.0,9.0,4.0,3.5,1.0,1.0,3.0,1.0,2.0,329.0,1.0,0
1.0,21.42,0.75,1.0,12.0,7.0,0.75,0.0,0.0,0.0,1.0,2.0,132.0,3.0,0
1.0,18.17,10.25,2.0,8.0,8.0,1.085,0.0,0.0,0.0,0.0,2.0,320.0,14.0,1
1.0,28.0,3.0,2.0,9.0,4.0,0.75,0.0,0.0,0.0,1.0,2.0,300.0,68.0,0
0.0,45.83,10.5,2.0,11.0,4.0,5.0,1.0,1.0,7.0,1.0,2.0,0.0,1.0,1
1.0,22.75,11.5,2.0,3.0,4.0,0.415,0.0,0.0,0.0,0.0,2.0,0.0,1.0,0
0.0,31.57,3.5,2.0,2.0,4.0,3.0,1.0,0.0,0.0,1.0,2.0,300.0,1.0,0
0.0,20.42,7.5,2.0,4.0,4.0,1.5,1.0,1.0,1.0,0.0,2.0,160.0,235.0,1
0.0,21.25,2.335,2.0,3.0,5.0,0.5,1.0,1.0,4.0,0.0,1.0,80.0,1.0,1
1.0,26.67,4.25,2.0,13.0,4.0,4.29,1.0,1.0,1.0,1.0,2.0,120.0,1.0,1
0.0,27.33,1.665,2.0,1.0,1.0,0.0,0.0,0.0,0.0,0.0,2.0,340.0,2.0,0
1.0,42.08,1.04,2.0,9.0,4.0,5.0,1.0,1.0,6.0,1.0,2.0,500.0,10001.0,1
0.0,18.25,10.0,2.0,9.0,4.0,1.0,0.0,1.0,1.0,0.0,2.0,120.0,2.0,0
0.0,28.5,1.0,2.0,11.0,4.0,1.0,1.0,1.0,2.0,1.0,2.0,167.0,501.0,0
0.0,21.5,6.0,2.0,6.0,4.0,2.5,1.0,1.0,3.0,0.0,2.0,80.0,919.0,1
1.0,21.83,11.0,2.0,14.0,4.0,0.29,1.0,1.0,6.0,0.0,2.0,121.0,1.0,0
1.0,21.92,0.5,2.0,8.0,4.0,0.125,0.0,0.0,0.0,0.0,2.0,360.0,1.0,0
1.0,32.67,9.0,1.0,9.0,8.0,5.25,1.0,0.0,0.0,1.0,2.0,154.0,1.0,1
0.0,45.33,1.0,2.0,11.0,4.0,0.125,0.0,0.0,0.0,1.0,2.0,263.0,1.0,0
0.0,23.58,0.585,1.0,1.0,1.0,0.125,0.0,0.0,0.0,0.0,2.0,120.0,88.0,0
0.0,17.92,0.54,2.0,8.0,4.0,1.75,0.0,1.0,1.0,1.0,2.0,80.0,6.0,0
1.0,33.0,2.5,1.0,9.0,4.0,7.0,0.0,0.0,0.0,1.0,2.0,280.0,1.0,0
0.0,22.67,0.335,2.0,11.0,4.0,0.75,0.0,0.0,0.0,0.0,1.0,160.0,1.0,0
1.0,34.67,1.08,2.0,7.0,4.0,1.165,0.0,0.0,0.0,0.0,1.0,28.0,1.0,0
1.0,29.67,1.415,2.0,9.0,8.0,0.75,1.0,1.0,1.0,0.0,2.0,240.0,101.0,1
1.0,31.83,2.5,2.0,6.0,4.0,7.5,1.0,0.0,0.0,1.0,2.0,523.0,1.0,0
0.0,20.67,1.835,2.0,11.0,4.0,2.085,1.0,1.0,5.0,0.0,2.0,220.0,2504.0,1
0.12643062441626218,-12.596389363427901,3.3290756137356237,1.312500204128541,2.991803552066882,15.187850539481442,0.0,0.0,0.0,0.0,0.0,4.186390481497231,297.8580939772026,-0.3909069271651644,0
1.0,22.08,0.83,2.0,8.0,8.0,2.165,0.0,0.0,0.0,1.0,2.0,128.0,1.0,1
0.0,35.42,12.0,2.0,11.0,8.0,14.0,1.0,1.0,8.0,0.0,2.0,0.0,6591.0,0
1.0,31.92,4.46,2.0,13.0,8.0,6.04,1.0,1.0,3.0,0.0,2.0,311.0,301.0,0
0.0,22.67,0.79,2.0,3.0,4.0,0.085,0.0,0.0,0.0,0.0,2.0,144.0,1.0,0
1.0,26.67,14.585,2.0,3.0,5.0,0.0,0.0,0.0,0.0,1.0,2.0,178.0,1.0,0
1.0,44.0,2.0,2.0,7.0,4.0,1.75,1.0,1.0,2.0,1.0,2.0,0.0,16.0,1
1.0,30.17,1.085,1.0,8.0,4.0,0.04,0.0,0.0,0.0,0.0,2.0,170.0,180.0,0
1.0,37.75,7.0,2.0,11.0,8.0,11.5,1.0,1.0,7.0,1.0,2.0,300.0,6.0,0
1.0,17.08,0.085,1.0,8.0,4.0,0.04,0.0,0.0,0.0,0.0,2.0,140.0,723.0,0
1.0,49.17,2.29,2.0,1.0,1.0,0.29,0.0,0.0,0.0,0.0,2.0,200.0,4.0,0
1.0,22.92,0.17,2.0,7.0,4.0,0.085,0.0,0.0,0.0,0.0,1.0,0.0,1.0,0
0.0,34.83,1.25,1.0,3.0,8.0,0.5,0.0,0.0,0.0,1.0,2.0,160.0,1.0,0
1.0,44.25,11.0,1.0,2.0,4.0,1.5,1.0,0.0,0.0,0.0,1.0,0.0,1.0,0
1.0,59.5,2.75,2.0,9.0,4.0,1.75,1.0,1.0,5.0,1.0,2.0,60.0,59.0,1
1.0,25.5,0.375,2.0,7.0,4.0,0.25,1.0,1.0,3.0,0.0,2.0,260.0,15109.0,1
0.0,41.58,1.04,2.0,6.0,4.0,0.665,0.0,0.0,0.0,0.0,2.0,240.0,238.0,0
0.7824513067041462,49.504637094996305,18.87642123751427,1.9891060363845545,1.3169068188720574,2.2720531336928853,0.23322776101397838,-0.6406068403737195,0.293278053676575,-1.2897194167335186,-0.057975404966918186,2.5193270695966516,95.00592522805323,1.1944600678877784,0
0.0,33.92,1.585,1.0,1.0,1.0,0.0,1.0,0.0,0.0,0.0,2.0,320.0,1.0,0
1.0,19.17,4.0,1.0,3.0,4.0,1.0,0.0,0.0,0.0,1.0,2.0,360.0,1001.0,0
0.0,45.64721506546854,6.438670990804886,1.6843702696503169,18.121476195388553,3.396733822651276,0.0,0.0,0.0,0.0,0.0,-0.6120512433928695,116.81520214946183,0.9981213053247947,0
1.0,23.33,1.5,2.0,8.0,8.0,1.415,1.0,0.0,0.0,0.0,2.0,422.0,201.0,1
1.0,69.17,9.0,2.0,1.0,1.0,4.0,0.0,1.0,1.0,0.0,2.0,70.0,7.0,0
1.0,47.67,0.29,2.0,8.0,5.0,15.0,1.0,1.0,20.0,0.0,2.0,0.0,15001.0,0
0.0,33.25,2.5,1.0,8.0,4.0,2.5,0.0,0.0,0.0,1.0,2.0,0.0,3.0,0
1.0,43.25,3.0,2.0,11.0,8.0,6.0,1.0,1.0,11.0,0.0,2.0,80.0,1.0,0
1.0,23.0,0.625,1.0,6.0,4.0,0.125,1.0,0.0,0.0,0.0,2.0,180.0,2.0,0
1.0,34.75,2.5,2.0,13.0,5.0,0.5,0.0,0.0,0.0,0.0,2.0,348.0,1.0,0
1.0,56.58,18.5,2.0,2.0,5.0,15.0,1.0,1.0,17.0,1.0,2.0,0.0,1.0,1
0.0,44.17,6.665,2.0,11.0,4.0,7.375,1.0,1.0,3.0,1.0,2.0,0.0,1.0,1
0.0,44.33,0.0,2.0,8.0,4.0,2.5,1.0,0.0,0.0,0.0,2.0,0.0,1.0,1
1.0,34.25,1.75,2.0,9.0,5.0,0.25,1.0,0.0,0.0,1.0,2.0,163.0,1.0,0
0.0,45.0,4.585,2.0,4.0,8.0,1.0,0.0,0.0,0.0,1.0,1.0,240.0,1.0,0
1.0,30.58,2.71,1.0,7.0,4.0,0.125,0.0,0.0,0.0,1.0,1.0,80.0,1.0,0
1.0,27.67,0.75,2.0,11.0,8.0,0.165,0.0,0.0,0.0,1.0,2.0,220.0,252.0,0
1.0,19.42,7.25,2.0,7.0,4.0,0.04,0.0,1.0,1.0,0.0,2.0,100.0,2.0,0
0.0,41.33,1.0,2.0,3.0,5.0,2.25,1.0,0.0,0.0,1.0,2.0,0.0,301.0,1
0.0,23.5,1.5,2.0,9.0,4.0,0.875,0.0,0.0,0.0,1.0,2.0,160.0,1.0,0
1.0,31.67,0.83,2.0,14.0,4.0,1.335,1.0,1.0,8.0,1.0,2.0,303.0,3291.0,1
-0.6373489284694497,18.60976542562279,11.672487859869797,1.4651662217358905,14.29883913194802,7.167586477073494,1.652028425364348,1.5847228983127055,1.1357262400013712,11.68727910456084,-1.4654136924623244,1.0587523179456497,-2.00428671726841,3001.8877080031693,0
0.0,33.17,2.25,1.0,13.0,4.0,3.5,0.0,0.0,0.0,1.0,2.0,200.0,142.0,0
0.0,52.5,7.0,2.0,6.0,8.0,3.0,0.0,0.0,0.0,0.0,2.0,0.0,1.0,0
0.0,25.42,1.125,2.0,11.0,4.0,1.29,1.0,1.0,2.0,0.0,2.0,200.0,1.0,0
1.0,40.58,1.5,2.0,3.0,5.0,0.0,0.0,0.0,0.0,0.0,1.0,300.0,1.0,0
1.0,23.92,0.585,1.0,13.0,8.0,0.125,0.0,0.0,0.0,0.0,2.0,240.0,2.0,0
1.0,56.0,12.5,2.0,4.0,8.0,8.0,1.0,0.0,0.0,1.0,2.0,24.0,2029.0,1
0.0,28.5,3.04,1.0,14.0,8.0,2.54,1.0,1.0,1.0,0.0,2.0,70.0,1.0,1
1.0,32.08,4.0,2.0,7.0,4.0,2.5,1.0,0.0,0.0,1.0,2.0,360.0,1.0,1
1.0,21.17,0.875,1.0,8.0,8.0,0.25,0.0,0.0,0.0,0.0,2.0,280.0,205.0,1
1.0,34.17,9.17,2.0,8.0,4.0,4.5,1.0,1.0,12.0,1.0,2.0,0.0,222.0,1
1.0,43.25,25.21,2.0,11.0,8.0,0.21,1.0,1.0,1.0,0.0,2.0,760.0,91.0,0
0.0,38.25,6.0,2.0,4.0,4.0,1.0,1.0,0.0,0.0,1.0,2.0,0.0,1.0,1
1.0,37.42,2.04,2.0,9.0,4.0,0.04,1.0,0.0,0.0,1.0,2.0,400.0,5801.0,1
1.0,29.83,2.04,1.0,14.0,8.0,0.04,0.0,0.0,0.0,0.0,2.0,128.0,2.0,0
1.0,37.33,2.665,2.0,13.0,4.0,0.165,0.0,0.0,0.0,1.0,2.0,0.0,502.0,0
1.0,31.33,19.5,2.0,8.0,4.0,7.0,1.0,1.0,16.0,0.0,2.0,0.0,5001.0,1
1.0,36.08,2.54,2.0,1.0,1.0,0.0,0.0,0.0,0.0,0.0,2.0,0.0,1001.0,0
1.0,20.5,2.415,2.0,8.0,4.0,2.0,1.0,1.0,11.0,1.0,2.0,200.0,3001.0,1
1.0,47.17,5.835,2.0,9.0,4.0,5.5,0.0,0.0,0.0,0.0,2.0,465.0,151.0,0
1.0,22.0,7.835,1.0,3.0,5.0,0.165,0.0,0.0,0.0,1.0,2.0,184.0,1.0,0
1.0,20.5,10.0,1.0,8.0,4.0,2.5,1.0,0.0,0.0,0.0,1.0,40.0,1.0,1
1.0,34.92,2.5,2.0,9.0,4.0,0.0,1.0,0.0,0.0,1.0,2.0,239.0,201.0,1
1.0,24.08,0.875,2.0,7.0,4.0,0.085,0.0,1.0,4.0,0.0,2.0,254.0,1951.0,0
1.0,37.33,6.5,2.0,7.0,8.0,4.25,1.0,1.0,12.0,1.0,2.0,93.0,1.0,1
0.0,20.75,9.54,2.0,3.0,4.0,0.04,0.0,0.0,0.0,0.0,2.0,200.0,1001.0,0
1.0,36.67,3.25,2.0,11.0,8.0,9.0,1.0,0.0,0.0,1.0,2.0,102.0,640.0,1
1.0,22.58,10.04,2.0,14.0,4.0,0.04,1.0,1.0,9.0,0.0,2.0,60.0,397.0,0
0.0,26.92,13.5,2.0,11.0,8.0,5.0,1.0,1.0,2.0,0.0,2.0,0.0,5001.0,0
0.0,15.464540794300161,0.16664144347219703,-1.1175682964051106,2.9446189441399446,22.587005878692644,0.5182671216139865,1.8441785459095832,-0.035170688829436525,-3.1028486398318957,2.2233961665419417,0.4193196031704456,934.5737332478083,-12.024375968189402,1
0.0,52.17,0.0,1.0,1.0,1.0,0.0,0.0,0.0,0.0,0.0,2.0,0.0,1.0,0
1.0,39.17,2.5,1.0,3.0,8.0,10.0,0.0,0.0,0.0,1.0,1.0,200.0,1.0,0
1.0,39.17,1.625,2.0,8.0,4.0,1.5,1.0,1.0,10.0,0.0,2.0,186.0,4701.0,0
0.0,27.67,2.04,2.0,9.0,4.0,0.25,0.0,0.0,0.0,1.0,2.0,180.0,51.0,0
1.0,19.17,9.5,2.0,9.0,4.0,1.5,1.0,0.0,0.0,0.0,2.0,120.0,2207.0,1
1.0,39.5,4.25,2.0,8.0,5.0,6.5,1.0,1.0,16.0,0.0,2.0,117.0,1211.0,1
1.0,36.42,0.75,1.0,2.0,4.0,0.585,0.0,0.0,0.0,0.0,2.0,240.0,4.0,0
0.1412526109219009,52.07537699129233,0.628120749124236,3.801562142311669,8.41249335069552,-3.6548062345772,0.0,0.6139950131518707,0.0,0.0,0.4449518817126372,3.4210452979501973,0.0,-0.070142524172226,1
1.0,39.42,1.71,1.0,7.0,4.0,0.165,0.0,0.0,0.0,0.0,1.0,400.0,1.0,0
1.0,41.92,0.42,2.0,8.0,8.0,0.21,1.0,1.0,6.0,0.0,2.0,220.0,949.0,1
1.0,21.33,7.5,2.0,6.0,4.0,1.415,1.0,1.0,1.0,0.0,2.0,80.0,9801.0,1
0.0,20.08,1.25,2.0,8.0,4.0,0.0,0.0,0.0,0.0,0.0,2.0,0.0,1.0,0
0.0,27.58,3.0,2.0,7.0,4.0,2.79,0.0,1.0,1.0,1.0,2.0,280.0,11.0,0
-1.3738608544869353,22.32384416560417,2.534208207724709,0.6426103035871905,13.87675528933219,2.651962930328606,-0.18864770638994308,-0.4556383015207915,0.8580356465465466,-1.561320777669703,-1.4478790355304199,0.9626664967699287,161.55722082600738,2.8160140171897146,0
1.0,28.25,5.125,2.0,14.0,4.0,4.75,1.0,1.0,2.0,0.0,2.0,420.0,8.0,0
1.0,26.92,2.25,2.0,3.0,5.0,0.5,0.0,0.0,0.0,1.0,2.0,640.0,4001.0,0
-0.0,-10.56526995444846,15.889076226784917,5.494739616312813,17.770837411751796,6.865150201353785,-1.0973653099980651,0.6863827979911168,1.6578176426841333,0.784875019841115,0.0,3.7733014582459052,43.254351231462856,433.92310393039327,1
0.0,23.25,5.875,2.0,11.0,4.0,3.17,1.0,1.0,10.0,0.0,2.0,120.0,246.0,1
1.0,23.58,1.79,2.0,8.0,4.0,0.54,0.0,0.0,0.0,1.0,2.0,136.0,2.0,0
1.0,28.33,5.0,2.0,9.0,4.0,11.0,1.0,0.0,0.0,1.0,2.0,70.0,1.0,1
1.0,25.67,2.21,1.0,6.0,4.0,4.0,1.0,0.0,0.0,0.0,2.0,188.0,1.0,1
0.0,28.58,1.665,2.0,11.0,4.0,2.415,1.0,0.0,0.0,1.0,2.0,440.0,1.0,0
1.0,22.92,3.165,1.0,8.0,4.0,0.165,0.0,0.0,0.0,0.0,2.0,160.0,1059.0,0
0.0,24.5,1.04,1.0,1.0,1.0,0.5,1.0,1.0,3.0,0.0,2.0,180.0,148.0,0
1.0,24.75,0.54,2.0,7.0,4.0,1.0,0.0,0.0,0.0,1.0,2.0,120.0,2.0,0
1.0,32.0,1.75,1.0,10.0,8.0,0.04,1.0,0.0,0.0,1.0,2.0,393.0,1.0,1
1.0,48.08,3.75,2.0,3.0,5.0,1.0,0.0,0.0,0.0,0.0,2.0,100.0,3.0,0
0.0,28.42,3.5,2.0,9.0,4.0,0.835,1.0,0.0,0.0,0.0,1.0,280.0,1.0,1
1.0,25.42,0.54,2.0,9.0,4.0,0.165,0.0,1.0,1.0,0.0,2.0,272.0,445.0,0
1.0,18.58,10.29,2.0,1.0,1.0,0.415,0.0,0.0,0.0,0.0,2.0,80.0,1.0,0
1.0,21.67,1.165,1.0,4.0,4.0,2.5,1.0,1.0,1.0,0.0,2.0,180.0,21.0,0
1.0,24.58,1.25,2.0,8.0,4.0,0.25,0.0,0.0,0.0,0.0,2.0,110.0,1.0,0
1.0,16.33,4.085,2.0,3.0,8.0,0.415,0.0,0.0,0.0,1.0,2.0,120.0,1.0,0
1.0,26.75,2.0,2.0,2.0,4.0,0.75,0.0,0.0,0.0,1.0,2.0,80.0,1.0,1
1.0,48.17,3.5,2.0,6.0,4.0,3.5,1.0,0.0,0.0,0.0,1.0,230.0,1.0,1
1.0,23.5,2.75,2.0,1.0,1.0,4.5,0.0,0.0,0.0,0.0,2.0,160.0,26.0,0
0.0,41.0,2.04,1.0,11.0,8.0,0.125,1.0,1.0,23.0,1.0,2.0,455.0,1237.0,1
1.0,35.17,25.125,2.0,14.0,8.0,1.625,1.0,1.0,1.0,1.0,2.0,515.0,501.0,1
1.0,23.75,12.0,2.0,8.0,4.0,2.085,0.0,0.0,0.0,0.0,1.0,80.0,1.0,0
1.0,18.67,5.0,2.0,11.0,4.0,0.375,1.0,1.0,2.0,0.0,2.0,0.0,39.0,0
1.0,30.33,0.5,2.0,2.0,8.0,0.085,0.0,0.0,0.0,1.0,1.0,252.0,1.0,0
0.0,19.75,0.75,2.0,8.0,4.0,0.795,1.0,1.0,5.0,1.0,2.0,140.0,6.0,0
1.0,26.17,0.835,2.0,13.0,4.0,1.165,0.0,0.0,0.0,0.0,2.0,100.0,1.0,0
1.0,28.75,1.5,1.0,8.0,4.0,1.5,1.0,0.0,0.0,1.0,2.0,0.0,226.0,0
1.0,28.67,9.335,2.0,11.0,8.0,5.665,1.0,1.0,6.0,0.0,2.0,381.0,169.0,1
1.0,26.0,1.0,2.0,11.0,4.0,1.75,1.0,0.0,0.0,1.0,2.0,280.0,1.0,1
1.0,23.5,3.165,1.0,4.0,4.0,0.415,0.0,1.0,1.0,1.0,2.0,280.0,81.0,0
1.0,26.33,13.0,2.0,10.0,2.0,0.0,0.0,0.0,0.0,1.0,2.0,140.0,1111.0,1
1.0,54.33,6.75,2.0,8.0,8.0,2.625,1.0,1.0,11.0,1.0,2.0,0.0,285.0,1
1.0,31.57,0.375,2.0,2.0,4.0,0.875,1.0,0.0,0.0,1.0,1.0,928.0,1.0,0
0.0,25.25,12.5,2.0,2.0,4.0,1.0,0.0,0.0,0.0,1.0,2.0,180.0,1063.0,0
1.0,33.17,3.165,1.0,14.0,4.0,3.165,1.0,1.0,3.0,1.0,2.0,380.0,1.0,1
1.7126597493839366,41.243983263266415,0.4992953734379614,2.6801371902748428,7.961665668489551,4.69141742768005,3.0092765740815532,0.4777875161323735,-1.504079493636549,0.4837968373291988,1.6390206838973256,2.0954516093636215,1.085866877929611,317.74278248757867,1
0.0,17.67,0.0,1.0,5.0,1.0,0.0,0.0,0.0,0.0,0.0,2.0,86.0,1.0,0
1.0,23.92,0.665,2.0,8.0,4.0,0.165,0.0,0.0,0.0,0.0,2.0,100.0,1.0,1
1.0,26.67,2.71,1.0,13.0,4.0,5.25,1.0,1.0,1.0,0.0,2.0,211.0,1.0,1
0.0,22.5,0.415,2.0,3.0,4.0,0.335,0.0,0.0,0.0,1.0,1.0,144.0,1.0,0
1.0,39.92,0.54,1.0,6.0,4.0,0.5,1.0,1.0,3.0,0.0,2.0,200.0,1001.0,1
0.0,26.08,8.665,2.0,6.0,4.0,1.415,1.0,0.0,0.0,0.0,2.0,160.0,151.0,1
1.0,20.0,0.0,2.0,2.0,4.0,0.5,0.0,0.0,0.0,0.0,2.0,144.0,1.0,0
1.0,31.57,4.0,1.0,3.0,4.0,0.085,0.0,0.0,0.0,1.0,2.0,411.0,1.0,0
1.0,26.75,4.5,1.0,8.0,5.0,2.5,0.0,0.0,0.0,0.0,2.0,200.0,1211.0,0
0.0,24.92,1.25,2.0,1.0,1.0,0.0,1.0,0.0,0.0,0.0,2.0,80.0,1.0,0
0.0,32.25,1.5,2.0,8.0,4.0,0.25,0.0,0.0,0.0,1.0,2.0,372.0,123.0,0
1.0,17.67,4.46,2.0,8.0,4.0,0.25,0.0,0.0,0.0,0.0,1.0,80.0,1.0,0
0.0,37.75,5.5,2.0,11.0,4.0,0.125,1.0,0.0,0.0,1.0,2.0,228.0,1.0,1
1.0,22.67,2.54,1.0,8.0,8.0,2.585,1.0,0.0,0.0,0.0,2.0,0.0,1.0,1
0.0,17.92,10.21,2.0,1.0,1.0,0.0,0.0,0.0,0.0,0.0,2.0,0.0,51.0,0
1.0,24.42,12.335,2.0,11.0,8.0,1.585,1.0,0.0,0.0,1.0,2.0,120.0,1.0,1
0.0,25.75,0.5,2.0,8.0,8.0,0.875,1.0,0.0,0.0,1.0,2.0,491.0,1.0,1
1.0,26.17,12.5,1.0,4.0,8.0,1.25,0.0,0.0,0.0,1.0,2.0,0.0,18.0,0
0.0,22.75,6.165,2.0,6.0,4.0,0.165,0.0,0.0,0.0,0.0,2.0,220.0,1001.0,0
1.0,23.0,0.75,2.0,7.0,4.0,0.5,1.0,0.0,0.0,1.0,1.0,320.0,1.0,0
1.0,25.67,0.29,1.0,8.0,4.0,1.5,0.0,0.0,0.0,1.0,2.0,160.0,1.0,0
1.0,48.58,0.205,1.0,4.0,4.0,0.25,1.0,1.0,11.0,0.0,2.0,380.0,2733.0,1
1.0,21.17,0.0,2.0,8.0,4.0,0.5,0.0,0.0,0.0,1.0,1.0,0.0,1.0,0
1.0,35.25,16.5,1.0,8.0,4.0,4.0,1.0,0.0,0.0,0.0,2.0,80.0,1.0,0
0.0,22.92,11.585,2.0,13.0,4.0,0.04,1.0,0.0,0.0,0.0,2.0,80.0,1350.0,1
0.0,48.17,1.335,2.0,3.0,7.0,0.335,0.0,0.0,0.0,0.0,2.0,0.0,121.0,0
1.0,43.0,0.29,1.0,13.0,8.0,1.75,1.0,1.0,8.0,0.0,2.0,100.0,376.0,1
1.0,31.57,10.5,2.0,14.0,4.0,6.5,1.0,0.0,0.0,0.0,2.0,0.0,1.0,1
1.0,20.67,0.415,2.0,8.0,4.0,0.125,0.0,0.0,0.0,0.0,2.0,0.0,45.0,0
0.0,18.83,9.54,2.0,6.0,4.0,0.085,1.0,0.0,0.0,0.0,2.0,100.0,1.0,0
0.0,27.42,14.5,2.0,14.0,8.0,3.085,1.0,1.0,1.0,0.0,2.0,120.0,12.0,0
1.0,41.0,0.04,2.0,10.0,4.0,0.04,0.0,1.0,1.0,0.0,1.0,560.0,1.0,1
